function [ B ] = subB()
B = [0,0,0,0;...
0,0,0,0;...
0,0,0,0;...
0,0,0,0;...
0,0,0,0;...
-1/270,-1/270,-1/270,-1/270;...
0,0,0,0;...
0,0,0,0;...
0,0,0,0;...
147/5300,-147/5300,-147/5300,147/5300;...
441/21200,441/21200,-441/21200,-441/21200;...
5/21,-5/21,5/21,-5/21];
end